Game State: ([(127, 348), (617, 359), (317, 381), (239, 485), (180, 529)], [(757, 490)], (190.62044525146484, 159.65160369873047), (58, 259, 60, 201), (917, 258, 48, 200), (116, 142, 797, 461))
Fitness: -34.28117080685639
Player Id: 3
Angle: 134.86177868093569
Force: 9746.683553885527
