Game State: ([(154, 171), (617, 359), (196, 463), (246, 486), (629, 499)], [(747, 516)], (785.1507568359375, 435.4494934082031), (58, 259, 60, 201), (917, 258, 48, 200), (116, 142, 797, 461))
Fitness: 100
Player Id: 5
Angle: 12.913461557399316
Force: 4887.134133220613
