Game State: ([(239, 241), (363, 347), (145, 364), (227, 372), (239, 488)], [(881, 367)], (730.9111633300781, 452.31719970703125), (58, 259, 60, 201), (917, 258, 48, 200), (116, 142, 797, 461))
Fitness: 100
Player Id: 5
Angle: 330.04366084094477
Force: 8468.005411210488
