Game State: ([(154, 171), (127, 348), (617, 359), (239, 485), (180, 529)], [(757, 490)], (244.96334838867188, 381.4925079345703), (58, 259, 60, 201), (917, 258, 48, 200), (116, 142, 797, 461))
Fitness: 100
Player Id: 2
Angle: 340.2656792819004
Force: 9140.972051858724
