Game State: ([(239, 241), (363, 347), (806, 358), (145, 364), (227, 372)], [(629, 562)], (854.0176696777344, 424.0464172363281), (58, 259, 60, 201), (917, 258, 48, 200), (116, 142, 797, 461))
Fitness: 100
Player Id: 3
Angle: 281.8596273415753
Force: 7846.085758880614
