Game State: ([(154, 171), (595, 355), (196, 463), (246, 486), (621, 495)], [(801, 213)], (803.7031555175781, 541.6615600585938), (58, 259, 60, 201), (917, 258, 48, 200), (116, 142, 797, 461))
Fitness: 100
Player Id: 5
Angle: 340.1057672950845
Force: 7293.7132837844465
