Game State: ([(237, 161), (491, 199), (365, 353), (259, 372), (233, 495)], [(881, 368)], (805.3404541015625, 573.1029357910156), (58, 259, 60, 201), (917, 258, 48, 200), (116, 142, 797, 461))
Fitness: -33.46456384195524
Player Id: 5
Angle: 351.5916491568813
Force: 5902.190441102626
