Game State: ([(154, 171), (605, 362), (196, 463), (246, 486), (717, 499)], [(801, 213)], (645.8438110351562, 195.68094635009766), (58, 259, 60, 201), (917, 258, 48, 200), (116, 142, 797, 461))
Fitness: 100
Player Id: 2
Angle: 83.32697574772659
Force: 8787.598122516258
