Game State: ([(237, 241), (331, 363), (421, 363), (145, 365), (239, 485)], [(759, 247), (757, 490)], (514.1110382080078, 369.7430419921875), (58, 259, 60, 201), (917, 258, 48, 200), (116, 142, 797, 461))
Fitness: 100
Player Id: 3
Angle: 360
Force: 8962.236859644428
