Game State: ([(132, 331), (617, 359), (331, 363), (239, 485), (180, 529)], [(757, 490), (370, 193)], (332.7328186035156, 156.55001068115234), (58, 259, 60, 201), (917, 258, 48, 200), (116, 142, 797, 461))
Fitness: -400.18910666346085
Player Id: 1
Angle: 39.31919629604407
Force: 10000
