Game State: ([(261, 253), (365, 353), (147, 365), (259, 372), (237, 485)], [(881, 368)], (137.27558135986328, 269.93092346191406), (58, 259, 60, 201), (917, 258, 48, 200), (116, 142, 797, 461))
Fitness: -552.0175845133493
Player Id: 3
Angle: 148.5786726474127
Force: 8940.623568091723
