Game State: ([(154, 171), (617, 359), (239, 485), (629, 499), (180, 529)], [(757, 490)], (151.5204086303711, 558.0708312988281), (58, 259, 60, 201), (917, 258, 48, 200), (116, 142, 797, 461))
Fitness: -650.3677244942352
Player Id: 5
Angle: 210.05805625065642
Force: 8883.467281347384
