Game State: ([(135, 296), (617, 359), (331, 363), (145, 365), (239, 485)], [(757, 490), (370, 193)], (332.75677490234375, 156.54161834716797), (58, 259, 60, 201), (917, 258, 48, 200), (116, 142, 797, 461))
Fitness: -358.6985489205166
Player Id: 1
Angle: 34.04995159533275
Force: 10000
