Game State: ([(237, 161), (491, 199), (353, 340), (259, 372), (472, 573)], [(881, 368)], (405.4026336669922, 392.3711242675781), (58, 259, 60, 201), (917, 258, 48, 200), (116, 142, 797, 461))
Fitness: 100
Player Id: 3
Angle: 309.99532581556423
Force: 8422.037848162374
