Game State: ([(238, 241), (145, 363), (300, 365), (599, 479), (239, 486)], [(761, 241), (605, 316), (371, 361), (883, 364), (760, 486)], (222.40245819091797, 291.0033264160156), (58, 259, 60, 201), (917, 258, 48, 200), (116, 142, 797, 461))
Fitness: -18.007406459849154
Player Id: 2
Angle: 46.13218970387845
Force: 9544.494357087631
