Game State: ([(238, 241), (145, 363), (423, 363), (329, 365), (239, 486)], [(761, 241), (605, 316), (883, 364), (605, 410), (760, 486)], (513.6523895263672, 371.4289093017578), (58, 259, 60, 201), (917, 258, 48, 200), (116, 142, 797, 461))
Fitness: 100
Player Id: 3
Angle: 347.9271151264172
Force: 7826.181134774932
