Game State: ([(647, 228), (297, 285), (145, 363), (218, 491), (543, 523)], [(680, 172), (828, 430), (235, 443), (798, 562), (679, 572)], (815.2217407226562, 488.4189758300781), (58, 259, 60, 201), (917, 258, 48, 200), (116, 142, 797, 461))
Fitness: 100
Player Id: 2
Angle: 336.2366283330668
Force: 8459.091501130231
