Game State: ([(177, 161), (255, 360), (315, 367), (599, 479), (239, 486)], [(761, 241), (371, 361), (883, 364), (760, 486), (217, 529)], (185.96231842041016, 316.8223114013672), (58, 259, 60, 201), (917, 258, 48, 200), (116, 142, 797, 461))
Fitness: -331.658826494966
Player Id: 1
Angle: 237.49541298857122
Force: 9892.333435380813
