Game State: ([(647, 228), (145, 363), (453, 413), (543, 523), (411, 555)], [(680, 172), (235, 443), (643, 475), (728, 529), (797, 565)], (801.2619018554688, 530.3392639160156), (58, 259, 60, 201), (917, 258, 48, 200), (116, 142, 797, 461))
Fitness: -18.00514575165973
Player Id: 4
Angle: 359.12966437848996
Force: 7435.462474105069
