Game State: ([(267, 243), (423, 318), (296, 333), (421, 411), (267, 489)], [(313, 220), (759, 242), (605, 318), (882, 363), (759, 485)], ((400, 200),), (58, 260, 60, 201), (917, 258, 48, 200), (116, 143, 797, 460))
Fitness: 10
Player Id: 1
Angle: 32.65646226576781
Force: 17303.36360772352
