Game State: ([(334, 175), (208, 251), (387, 403), (215, 445), (239, 490)], [(233, 203), (760, 241), (883, 363), (441, 375), (760, 486)], (156.95795440673828, 437.49835205078125), (58, 259, 60, 201), (917, 258, 48, 200), (116, 142, 797, 461))
Fitness: -517.3853212671897
Player Id: 4
Angle: 178.46512587722748
Force: 10000
