Game State: ([(237, 241), (338, 300), (146, 365), (287, 387), (238, 485)], [(761, 242), (606, 319), (883, 363), (431, 389), (759, 488)], (210.68793487548828, 395.0453186035156), (58, 259, 60, 201), (917, 258, 48, 200), (116, 142, 797, 461))
Fitness: -18.051242373392306
Player Id: 3
Angle: 336.0570472275128
Force: 9303.210504953997
