Game State: ([(238, 200), (146, 322), (330, 325), (423, 325), (238, 446)], [(792, 202), (608, 323), (699, 325), (883, 326), (790, 448)], (512.0720825195312, 333.09571838378906), (58, 219, 60, 201), (915, 222, 55, 190), (116, 102, 821, 461))
Fitness: 100
Player Id: 2
Angle: 348.44867143776224
Force: 7475.450857690392
