Game State: ([(243, 240), (147, 326), (387, 403), (213, 443), (237, 487)], [(760, 241), (349, 320), (883, 363), (441, 375), (760, 486)], (250.04998016357422, 164.6778793334961), (58, 259, 60, 201), (917, 258, 48, 200), (116, 142, 797, 461))
Fitness: -159.39523260202958
Player Id: 2
Angle: 96.603567837222
Force: 9953.528019913281
