Game State: ([(240, 238), (357, 331), (145, 363), (265, 387), (237, 487)], [(760, 241), (607, 317), (883, 363), (441, 375), (760, 486)], (256.5651092529297, 331.9915771484375), (58, 259, 60, 201), (917, 258, 48, 200), (116, 142, 797, 461))
Fitness: -18.027487782959653
Player Id: 3
Angle: 12.44090700889106
Force: 9305.993146049424
