Game State: ([(647, 228), (297, 285), (145, 363), (343, 475), (218, 491)], [(680, 172), (723, 213), (235, 443), (798, 562), (679, 572)], (547.3006591796875, 566.4869689941406), (58, 259, 60, 201), (917, 258, 48, 200), (116, 142, 797, 461))
Fitness: 100
Player Id: 4
Angle: 328.3508059478904
Force: 8755.453049636097
