Game State: ([(609, 160), (145, 363), (473, 364), (411, 555), (663, 571)], [(691, 408), (235, 443), (777, 455), (643, 475), (725, 531)], (714.22900390625, 347.97215270996094), (58, 259, 60, 201), (917, 258, 48, 200), (116, 142, 797, 461))
Fitness: 100
Player Id: 3
Angle: 7.057315061938708
Force: 7593.029783568472
