Game State: ([(647, 228), (145, 363), (453, 413), (218, 491), (543, 523)], [(680, 172), (828, 430), (235, 443), (643, 475), (798, 562)], (815.2466430664062, 488.4766387939453), (58, 259, 60, 201), (917, 258, 48, 200), (116, 142, 797, 461))
Fitness: 100
Player Id: 4
Angle: 345.84000477163664
Force: 9870.31532223851
