Game State: ([(647, 228), (145, 363), (453, 413), (543, 523), (411, 555)], [(680, 172), (235, 443), (822, 464), (643, 475), (797, 565)], (801.1373901367188, 530.6807250976562), (58, 259, 60, 201), (917, 258, 48, 200), (116, 142, 797, 461))
Fitness: -18.024996009517928
Player Id: 4
Angle: 326.8101004804776
Force: 7519.006547840755
