Game State: ([(647, 228), (297, 285), (145, 363), (218, 491), (495, 555)], [(680, 172), (835, 381), (235, 443), (798, 562), (679, 572)], (547.3601684570312, 566.4653625488281), (58, 259, 60, 201), (917, 258, 48, 200), (116, 142, 797, 461))
Fitness: 100
Player Id: 5
Angle: 312.2485025528662
Force: 8385.624847082157
