Game State: ([(297, 285), (145, 363), (324, 381), (565, 484), (218, 491)], [(682, 180), (607, 316), (883, 363), (235, 443), (718, 557)], (418.8428192138672, 364.6218566894531), (58, 259, 60, 201), (917, 258, 48, 200), (116, 142, 797, 461))
Fitness: 100
Player Id: 3
Angle: 16.07070220414989
Force: 8427.041468284797
