Game State: ([(131, 334), (269, 356), (318, 367), (208, 403), (244, 560)], [(761, 241), (371, 361), (883, 364), (624, 449), (149, 571)], (211.06302642822266, 493.8813934326172), (58, 259, 60, 201), (917, 258, 48, 200), (116, 142, 797, 461))
Fitness: -301.39587588286753
Player Id: 1
Angle: 220.01272077219156
Force: 10000
