Game State: ([(647, 228), (145, 363), (473, 364), (543, 523), (411, 555)], [(235, 443), (856, 461), (643, 475), (728, 529), (797, 565)], (801.2945861816406, 530.4752502441406), (58, 259, 60, 201), (917, 258, 48, 200), (116, 142, 797, 461))
Fitness: -17.91919485100443
Player Id: 4
Angle: 358.6791236007479
Force: 8304.58149563112
